0.000         -95.114       -27.219       -59.255       -25.780       -53.206       -88.729      
95.114        0.000         72.989        37.423        84.425        136.686       166.795      
27.219        -72.989       0.000         -35.617       -12.755       64.501        -97.096      
59.255        -37.423       35.617        0.000         47.044        99.371        130.246      
25.780        -84.425       12.755        -47.044       0.000         52.358        -84.411      
53.206        -136.686      -64.501       -99.371       -52.358       0.000         -35.606      
88.729        -166.795      97.096        -130.246      84.411        35.606        0.000        
