0.000         -50.153       48.188        -85.095       95.278        -65.860       -20.614      
50.153        0.000         47.779        -57.964       113.282       -50.978       30.237       
-48.188       -47.779       0.000         -104.521      65.574        -92.854       -45.335      
85.095        57.964        104.521       0.000         168.940       22.175        68.013       
-95.278       -113.282      -65.574       -168.940      0.000         -154.867      -103.828     
65.860        50.978        92.854        -22.175       154.867       0.000         51.323       
20.614        -30.237       45.335        -68.013       103.828       -51.323       0.000        
