0.000         -45.962       86.135        -89.495       69.683        -76.625      
45.962        0.000         102.447       -58.216       69.130        -32.705      
-86.135       -102.447      0.000         -160.493      -39.709       -131.788     
89.495        58.216        160.493       0.000         126.934       36.858       
-69.683       -69.130       39.709        -126.934      0.000         -95.182      
76.625        32.705        131.788       -36.858       95.182        0.000        
