0.000         47.163        -179.661      82.996        -144.773      -110.145     
-47.163       0.000         -208.239      51.486        -176.497      -138.682     
179.661       208.239       0.000         257.659       36.807        70.055       
-82.996       -51.486       -257.659      0.000         -224.585      -187.663     
144.773       176.497       -36.807       224.585       0.000         38.559       
110.145       138.682       -70.055       187.663       -38.559       0.000        
