0.000         -38.238       -58.029       50.246        94.901        -116.336      -71.324      
38.238        0.000         -22.927       61.197        111.307       -97.313       -48.850      
58.029        22.927        0.000         83.400        133.382       -78.661       -31.989      
-50.246       -61.197       -83.400       0.000         50.111        -157.308      -109.041     
-94.901       -111.307      -133.382      -50.111       0.000         -207.021      -158.944     
116.336       97.313        78.661        157.308       207.021       0.000         48.481       
71.324        48.850        31.989        109.041       158.944       -48.481       0.000        
