0.000         60.276        55.093        92.465        111.914       -72.801      
-60.276       0.000         -13.661       35.645        57.303        -97.811      
-55.093       13.661        0.000         47.999        69.854        -84.594      
-92.465       -35.645       -47.999       0.000         21.863        -132.441     
-111.914      -57.303       -69.854       -21.863       0.000         -154.295     
72.801        97.811        84.594        132.441       154.295       0.000        
