0.000         112.935       92.569        141.443       72.583        -77.463       -75.924      
-112.935      0.000         -21.966       44.183        -76.405       -125.465      -107.733     
-92.569       21.966        0.000         62.943        -56.206       -104.745      -87.473      
-141.443      -44.183       -62.943       0.000         -119.139      -167.573      -150.415     
-72.583       76.405        56.206        119.139       0.000         -49.179       -31.348      
77.463        125.465       104.745       167.573       49.179        0.000         18.561       
75.924        107.733       87.473        150.415       31.348        -18.561       0.000        
