0.000         -70.093       107.686       -76.928       67.631        -41.709       -22.989      
70.093        0.000         113.858       -51.827       92.356        -33.525       47.361       
-107.686      -113.858      0.000         -158.525      -41.698       -119.090      -101.893     
76.928        51.827        158.525       0.000         128.387       41.303        63.863       
-67.631       -92.356       41.698        -128.387      0.000         -87.187       -66.427      
41.709        33.525        119.090       -41.303       87.187        0.000         23.340       
22.989        -47.361       101.893       -63.863       66.427        -23.340       0.000        
