0.000         67.930        91.811        -58.152       109.708       -64.682      
-67.930       0.000         37.539        -56.813       75.460        -100.889     
-91.811       -37.539       0.000         -94.176       41.581        -136.316     
58.152        56.813        94.176        0.000         129.051       -48.528      
-109.708      -75.460       -41.581       -129.051      0.000         -165.412     
64.682        100.889       136.316       48.528        165.412       0.000        
