0.000         -82.694       -97.094       112.402       -101.734      -72.010       -103.373     
82.694        0.000         -26.327       140.209       -57.087       50.505        -81.199      
97.094        26.327        0.000         166.136       -34.815       76.781        -62.446      
-112.402      -140.209      -166.136      0.000         -189.741      -90.210       -203.313     
101.734       57.087        34.815        189.741       0.000         104.252       28.830       
72.010        -50.505       -76.781       90.210        -104.252      0.000         -123.442     
103.373       81.199        62.446        203.313       -28.830       123.442       0.000        
