0.000         38.687        92.595        -72.533       128.576       -39.777      
-38.687       0.000         77.944        -74.306       118.540       -33.463      
-92.595       -77.944       0.000         -151.857      40.997        -110.711     
72.533        74.306        151.857       0.000         191.904       41.148       
-128.576      -118.540      -40.997       -191.904      0.000         -150.805     
39.777        33.463        110.711       -41.148       150.805       0.000        
