0.000         -28.338       103.758       -84.602       86.653        -140.587      -40.213      
28.338        0.000         107.684       -67.215       100.341       -129.737      -49.899      
-103.758      -107.684      0.000         -173.785      -38.112       -237.406      -143.954     
84.602        67.215        173.785       0.000         167.218       -65.493       64.732       
-86.653       -100.341      38.112        -167.218      0.000         -226.840      -124.719     
140.587       129.737       237.406       65.493        226.840       0.000         107.525      
40.213        49.899        143.954       -64.732       124.719       -107.525      0.000        
