0.000         -53.066       -97.882       29.638        -119.405      -42.450       -70.575      
53.066        0.000         -44.952       74.444        -70.255       40.903        -29.623      
97.882        44.952        0.000         116.774       -33.928       75.187        39.471       
-29.638       -74.444       -116.774      0.000         -132.178      -45.884       -82.659      
119.405       70.255        33.928        132.178       0.000         86.645        49.708       
42.450        -40.903       -75.187       45.884        -86.645       0.000         -37.793      
70.575        29.623        -39.471       82.659        -49.708       37.793        0.000        
