0.000         75.105        -26.207       165.847       -63.198       152.464       120.208      
-75.105       0.000         -95.984       90.842        -138.056      79.158        47.999       
26.207        95.984        0.000         186.506       -44.728       174.834       142.912      
-165.847      -90.842       -186.506      0.000         -228.892      -23.140       -49.445      
63.198        138.056       44.728        228.892       0.000         215.631       183.348      
-152.464      -79.158       -174.834      23.140        -215.631      0.000         -32.329      
-120.208      -47.999       -142.912      49.445        -183.348      32.329        0.000        
