0.000         110.996       -25.356       200.650       -66.623       -38.598      
-110.996      0.000         -114.600      94.539        -175.502      -146.061     
25.356        114.600       0.000         207.939       -62.647       -33.832      
-200.650      -94.539       -207.939      0.000         -266.925      -237.821     
66.623        175.502       62.647        266.925       0.000         29.465       
38.598        146.061       33.832        237.821       -29.465       0.000        
