0.000         85.814        156.549       202.792       -23.683       65.323        41.752       
-85.814       0.000         80.693        127.157       -78.597       -23.023       -59.759      
-156.549      -80.693       0.000         46.889        -155.792      -102.979      -139.498     
-202.792      -127.157      -46.889       0.000         -202.655      -149.687      -186.303     
23.683        78.597        155.792       202.655       0.000         55.859        22.663       
-65.323       23.023        102.979       149.687       -55.859       0.000         -36.785      
-41.752       59.759        139.498       186.303       -22.663       36.785        0.000        
