0.000         72.229        45.498        -152.312      49.751        -93.424      
-72.229       0.000         -45.582       -213.710      -75.198       -146.766     
-45.498       45.582        0.000         -169.237      -29.679       -101.516     
152.312       213.710       169.237       0.000         141.515       69.070       
-49.751       75.198        29.679        -141.515      0.000         -72.921      
93.424        146.766       101.516       -69.070       72.921        0.000        
