0.000         -47.850       -79.033       31.293        -150.700      42.139        -283.495      -113.510     
47.850        0.000         -33.620       52.474        -108.359      77.528        -242.760      -76.333      
79.033        33.620        0.000         85.921        -74.899       111.147       -209.351      -46.433      
-31.293       -52.474       -85.921       0.000         -160.791      26.422        -295.219      -127.973     
150.700       108.359       74.899        160.791       0.000         185.732       -134.452      40.892       
-42.139       -77.528       -111.147      -26.422       -185.732      0.000         -319.959      -151.328     
283.495       242.760       209.351       295.219       134.452       319.959       0.000         170.060      
113.510       76.333        46.433        127.973       -40.892       151.328       -170.060      0.000        
