0.000         -41.979       81.110        -112.934      106.601       -153.332      -83.077      
41.979        0.000         118.336       -74.250       145.777       -117.101      -49.940      
-81.110       -118.336      0.000         -192.326      29.335        -233.970      -163.965     
112.934       74.250        192.326       0.000         219.180       -44.212       33.911       
-106.601      -145.777      -29.335       -219.180      0.000         -259.916      -189.613     
153.332       117.101       233.970       44.212        259.916       0.000         70.334       
83.077        49.940        163.965       -33.911       189.613       -70.334       0.000        
