0.000         -56.858       87.520        -75.942       114.776       -129.668     
56.858        0.000         88.303        -56.782       129.020       -113.011     
-87.520       -88.303       0.000         -141.613      43.095        -199.384     
75.942        56.782        141.613       0.000         179.200       -57.852      
-114.776      -129.020      -43.095       -179.200      0.000         -236.945     
129.668       113.011       199.384       57.852        236.945       0.000        
