0.000         79.784        52.472        229.678       -56.167       373.797       -102.965     
-79.784       0.000         -54.700       163.184       -98.792       310.598       -163.523     
-52.472       54.700        0.000         217.883       -44.803       365.290       -110.171     
-229.678      -163.184      -217.883      0.000         -261.637      147.497       -325.405     
56.167        98.792        44.803        261.637       0.000         408.787       -65.406      
-373.797      -310.598      -365.290      -147.497      -408.787      0.000         -471.968     
102.965       163.523       110.171       325.405       65.406        471.968       0.000        
