0.000         52.171        71.632        -147.755      123.465       -272.582     
-52.171       0.000         51.659        -134.331      121.860       -267.896     
-71.632       -51.659       0.000         -185.976      71.024        -319.490     
147.755       134.331       185.976       0.000         255.818       -134.485     
-123.465      -121.860      -71.024       -255.818      0.000         -388.232     
272.582       267.896       319.490       134.485       388.232       0.000        
