0.000         69.727        36.496        101.793       -62.650       208.114       -32.262       181.895      
-69.727       0.000         -36.139       39.858        -109.639      143.625       -87.660       123.557      
-36.496       36.139        0.000         73.594        -75.488       179.251       -51.630       157.079      
-101.793      -39.858       -73.594       0.000         -148.721      106.469       -124.815      83.846       
62.650        109.639       75.488        148.721       0.000         253.036       30.414        232.453      
-208.114      -143.625      -179.251      -106.469      -253.036      0.000         -230.831      -38.329      
32.262        87.660        51.630        124.815       -30.414       230.831       0.000         207.624      
-181.895      -123.557      -157.079      -83.846       -232.453      38.329        -207.624      0.000        
