0.000         85.487        61.263        144.197       195.600       32.067        50.055       
-85.487       0.000         -29.594       63.944        113.711       -76.176       -35.655      
-61.263       29.594        0.000         93.528        143.138       -46.937       -19.821      
-144.197      -63.944       -93.528       0.000         51.424        -139.708      -95.214      
-195.600      -113.711      -143.138      -51.424       0.000         -189.887      -146.392     
-32.067       76.176        46.937        139.708       189.887       0.000         47.182       
-50.055       35.655        19.821        95.214        146.392       -47.182       0.000        
