0.000         45.136        -88.628       65.681        -285.757      100.661       -215.124      -141.024     
-45.136       0.000         -81.469       53.044        -296.233      89.666        -224.360      -141.326     
88.628        81.469        0.000         133.707       -216.936      170.900       -145.272      -60.152      
-65.681       -53.044       -133.707      0.000         -345.318      37.533        -273.683      -192.867     
285.757       296.233       216.936       345.318       0.000         382.766       71.878        157.601      
-100.661      -89.666       -170.900      -37.533       -382.766      0.000         -311.172      -230.287     
215.124       224.360       145.272       273.683       -71.878       311.172       0.000         86.618       
141.024       141.326       60.152        192.867       -157.601      230.287       -86.618       0.000        
