0.000         56.155        -48.490       79.970        -61.407       100.615       -166.661      -142.191     
-56.155       0.000         -42.706       39.069        -73.634       76.655        -184.768      -164.239     
48.490        42.706        0.000         81.452        -31.012       116.574       -142.356      -121.537     
-79.970       -39.069       -81.452       0.000         -112.096      40.454        -223.747      -202.876     
61.407        73.634        31.012        112.096       0.000         145.757       -112.385      -90.790      
-100.615      -76.655       -116.574      -40.454       -145.757      0.000         -258.136      -235.869     
166.661       184.768       142.356       223.747       112.385       258.136       0.000         25.903       
142.191       164.239       121.537       202.876       90.790        235.869       -25.903       0.000        
