0.000         82.593        -108.479      127.475       -150.987      182.310       48.587       
-82.593       0.000         -183.171      51.963        -227.169      107.433       -34.667      
108.479       183.171       0.000         232.832       -44.076       288.574       149.214      
-127.475      -51.963       -232.832      0.000         -276.544      55.903        -83.829      
150.987       227.169       44.076        276.544       0.000         332.182       193.090      
-182.310      -107.433      -288.574      -55.903       -332.182      0.000         -139.719     
-48.587       34.667        -149.214      83.829        -193.090      139.719       0.000        
