0.000         153.794       54.225        98.236        64.843        127.421       160.810      
-153.794      0.000         -99.573       -57.012       -177.047      -233.024      -276.046     
-54.225       99.573        0.000         44.540        91.121        155.319       195.083      
-98.236       57.012        -44.540       0.000         -121.521      180.616       222.935      
-64.843       177.047       -91.121       121.521       0.000         65.175        103.964      
-127.421      233.024       -155.319      -180.616      -65.175       0.000         -43.344      
-160.810      276.046       -195.083      -222.935      -103.964      43.344        0.000        
