0.000         -114.768      -49.328       -270.707      -163.747      -252.782     
114.768       0.000         72.281        -157.272      -49.659       -138.178     
49.328        -72.281       0.000         -229.412      -118.647      -209.476     
270.707       157.272       229.412       0.000         113.161       26.849       
163.747       49.659        118.647       -113.161      0.000         -91.295      
252.782       138.178       209.476       -26.849       91.295        0.000        
