0.000         86.265        126.438       -132.128      -80.131       185.783       -61.314      
-86.265       0.000         44.458        -169.103      -110.771      99.547        -76.677      
-126.438      -44.458       0.000         -211.562      -154.166      -64.418       -120.452     
132.128       169.103       211.562       0.000         59.316        246.674       93.387       
80.131        110.771       154.166       -59.316       0.000         195.107       34.281       
-185.783      -99.547       64.418        -246.674      -195.107      0.000         -164.888     
61.314        76.677        120.452       -93.387       -34.281       164.888       0.000        
