0.000         129.834       96.785        74.488        52.094        85.930       
-129.834      0.000         -33.917       -65.626       -155.274      -200.946     
-96.785       33.917        0.000         33.310        -121.702      -167.252     
-74.488       65.626        -33.310       0.000         -90.112       -135.932     
-52.094       155.274       121.702       90.112        0.000         -45.834      
-85.930       200.946       167.252       135.932       45.834        0.000        
