0.000         -96.897       57.550        -184.079      85.187        -135.487     
96.897        0.000         154.029       -87.538       181.942       -38.793      
-57.550       -154.029      0.000         -241.439      28.108        -192.757     
184.079       87.538        241.439       0.000         269.254       48.745       
-85.187       -181.942      -28.108       -269.254      0.000         -220.622     
135.487       38.793        192.757       -48.745       220.622       0.000        
