0.000         -77.953       26.643        -152.044      123.784       -102.551      -25.759      
77.953        0.000         97.710        -78.285       194.739       -29.863       52.218       
-26.643       -97.710       0.000         -174.536      98.655        -124.752      -48.174      
152.044       78.285        174.536       0.000         272.553       49.784        126.889      
-123.784      -194.739      -98.655       -272.553      0.000         -222.846      -146.825     
102.551       29.863        124.752       -49.784       222.846       0.000         77.203       
25.759        -52.218       48.174        -126.889      146.825       -77.203       0.000        
