0.000         -178.864      -126.491      -97.865       -58.737       -58.357      
178.864       0.000         57.926        99.734        137.394       225.310      
126.491       -57.926       0.000         42.129        79.967        168.781      
97.865        -99.734       -42.129       0.000         42.497        131.380      
58.737        -137.394      -79.967       -42.497       0.000         89.328       
58.357        -225.310      -168.781      -131.380      -89.328       0.000        
