0.000         31.612        130.025       -355.193      74.468        -142.520      -204.057     
-31.612       0.000         112.362       -385.376      48.120        -166.713      -229.694     
-130.025      -112.362      0.000         -470.537      -68.965       -272.168      -332.426     
355.193       385.376       470.537       0.000         429.057       235.469       178.429      
-74.468       -48.120       68.965        -429.057      0.000         -214.600      -277.278     
142.520       166.713       272.168       -235.469      214.600       0.000         -63.807      
204.057       229.694       332.426       -178.429      277.278       63.807        0.000        
