0.000         -95.466       -79.012       -68.657       -93.657       -227.052      -171.246      -285.798     
95.466        0.000         79.915        27.415        103.044       -241.051      -184.434      -290.769     
79.012        -79.915       0.000         62.489        -23.783       -166.546      -108.784      -220.852     
68.657        -27.415       -62.489       0.000         -86.262       -228.536      -170.935      -281.347     
93.657        -103.044      23.783        86.262        0.000         -143.218      -85.407       -198.416     
227.052       241.051       166.546       228.536       143.218       0.000         57.812        -60.430      
171.246       184.434       108.784       170.935       85.407        -57.812       0.000         -114.646     
285.798       290.769       220.852       281.347       198.416       60.430        114.646       0.000        
