0.000         58.986        -48.912       80.414        -112.743      100.860       44.859       
-58.986       0.000         -55.789       34.646        -121.748      64.516        -32.157      
48.912        55.789        0.000         89.823        -70.186       118.447       23.662       
-80.414       -34.646       -89.823       0.000         -156.356      30.347        -66.207      
112.743       121.748       70.186        156.356       0.000         186.186       91.783       
-100.860      -64.516       -118.447      -30.347       -186.186      0.000         -95.123      
-44.859       32.157        -23.662       66.207        -91.783       95.123        0.000        
