0.000         -99.186       103.849       160.618       -184.024      46.048        -72.227      
99.186        0.000         164.485       220.799       -92.104       104.613       47.028       
-103.849      -164.485      0.000         58.416        -256.350      -64.862       -117.824     
-160.618      -220.799      -58.416       0.000         -311.949      -123.278      -173.789     
184.024       92.104        256.350       311.949       0.000         196.469       138.537      
-46.048       -104.613      64.862        123.278       -196.469      0.000         -61.193      
72.227        -47.028       117.824       173.789       -138.537      61.193        0.000        
