0.000         -63.554       -101.737      -137.372      84.409        -159.015      -111.703     
63.554        0.000         -44.845       -92.359       101.814       -120.631      -75.819      
101.737       44.845        0.000         -50.981       145.631       -81.302       -45.181      
137.372       92.359        50.981        0.000         194.151       -30.756       28.873       
-84.409       -101.814      -145.631      -194.151      0.000         -221.860      -175.487     
159.015       120.631       81.302        30.756        221.860       0.000         47.631       
111.703       75.819        45.181        -28.873       175.487       -47.631       0.000        
