0.000         91.633        -61.474       228.779       -90.814       149.947       -190.894      -80.393      
-91.633       0.000         -78.616       157.500       -115.862      72.962        -235.268      -118.785     
61.474        78.616        0.000         235.724       -40.027       151.246       -158.179      -40.209      
-228.779      -157.500      -235.724      0.000         -273.330      -84.545       -392.697      -275.921     
90.814        115.862       40.027        273.330       0.000         188.814       -119.413      16.101       
-149.947      -72.962       -151.246      84.545        -188.814      0.000         -308.207      -191.454     
190.894       235.268       158.179       392.697       119.413       308.207       0.000         118.898      
80.393        118.785       40.209        275.921       -16.101       191.454       -118.898      0.000        
