0.000         97.624        67.968        181.583       36.890        224.837       -60.762       76.154       
-97.624       0.000         -31.349       84.063        -60.838       127.326       -156.732      -93.062      
-67.968       31.349        0.000         114.088       -31.252       157.250       -128.252      -68.262      
-181.583      -84.063       -114.088      0.000         -144.712      43.264        -240.737      -159.991     
-36.890       60.838        31.252        144.712       0.000         187.958       -97.000       65.935       
-224.837      -127.326      -157.250      -43.264       -187.958      0.000         -283.970      -199.726     
60.762        156.732       128.252       240.737       97.000        283.970       0.000         126.037      
-76.154       93.062        68.262        159.991       -65.935       199.726       -126.037      0.000        
