0.000         83.230        -361.693      22.991        -278.443      -35.523       -163.466     
-83.230       0.000         -433.522      -72.751       -355.466      -118.753      -243.326     
361.693       433.522       0.000         383.098       94.836        332.591       206.257      
-22.991       72.751        -383.098      0.000         -298.525      -52.134       -182.668     
278.443       355.466       -94.836       298.525       0.000         246.746       116.627      
35.523        118.753       -332.591      52.134        -246.746      0.000         -130.621     
163.466       243.326       -206.257      182.668       -116.627      130.621       0.000        
