0.000         -47.494       -74.719       46.441        -136.580      78.509        -152.739      -116.989     
47.494        0.000         -34.922       54.940        -100.643      101.347       -123.489      -83.553      
74.719        34.922        0.000         89.837        -65.741       136.254       -89.258       -48.892      
-46.441       -54.940       -89.837       0.000         -155.483      46.808        -178.152      -138.460     
136.580       100.643       65.741        155.483       0.000         201.989       -31.564       20.327       
-78.509       -101.347      -136.254      -46.808       -201.989      0.000         -223.694      -184.531     
152.739       123.489       89.258        178.152       31.564        223.694       0.000         40.667       
116.989       83.553        48.892        138.460       -20.327       184.531       -40.667       0.000        
