0.000         -52.405       -72.278       58.116        -101.877      -35.625      
52.405        0.000         -37.179       54.124        -82.172       17.292       
72.278        37.179        0.000         91.110        -46.108       47.759       
-58.116       -54.124       -91.110       0.000         -134.684      -46.313      
101.877       82.172        46.108        134.684       0.000         88.872       
35.625        -17.292       -47.759       46.313        -88.872       0.000        
