0.000         53.213        33.568        87.452        -141.526      119.662       -84.394       -31.215      
-53.213       0.000         -20.360       47.958        -178.381      87.934        -122.343      -69.496      
-33.568       20.360        0.000         57.465        -166.515      94.175        -109.456      -54.715      
-87.452       -47.958       -57.465       0.000         -223.854      40.528        -166.898      -112.156     
141.526       178.381       166.515       223.854       0.000         259.951       57.341        112.372      
-119.662      -87.934       -94.175       -40.528       -259.951      0.000         -202.630      -147.579     
84.394        122.343       109.456       166.898       -57.341       202.630       0.000         55.061       
31.215        69.496        54.715        112.156       -112.372      147.579       -55.061       0.000        
