0.000         21.955        -172.972      58.206        75.090        91.423        130.059      
-21.955       0.000         -188.613      36.259        55.480        72.483        -112.875     
172.972       188.613       0.000         217.604       211.080       217.069       229.673      
-58.206       -36.259       -217.604      0.000         -32.224       -48.460       -90.329      
-75.090       -55.480       -211.080      32.224        0.000         -17.341       -59.161      
-91.423       -72.483       -217.069      48.460        17.341        0.000         -42.012      
-130.059      112.875       -229.673      90.329        59.161        42.012        0.000        
