0.000         97.348        -156.223      120.379       -203.325      -96.674      
-97.348       0.000         -174.929      33.502        -227.567      -69.672      
156.223       174.929       0.000         208.066       -52.690       105.855      
-120.379      -33.502       -208.066      0.000         -260.633      -102.393     
203.325       227.567       52.690        260.633       0.000         158.301      
96.674        69.672        -105.855      102.393       -158.301      0.000        
