0.000         -81.521       -50.014       -114.167      -81.454       -255.549     
81.521        0.000         52.275        -39.977       17.688        -193.792     
50.014        -52.275       0.000         -92.106       -42.337       -245.183     
114.167       39.977        92.106        0.000         54.595        -154.038     
81.454        -17.688       42.337        -54.595       0.000         -208.452     
255.549       193.792       245.183       154.038       208.452       0.000        
