0.000         142.824       -166.468      80.622        -139.514      39.591        -69.679      
-142.824      0.000         -304.239      -69.775       -279.217      -104.682      -212.443     
166.468       304.239       0.000         246.967       28.737        205.782       102.425      
-80.622       69.775        -246.967      0.000         -220.136      -41.192       -149.181     
139.514       279.217       -28.737       220.136       0.000         179.037       73.939       
-39.591       104.682       -205.782      41.192        -179.037      0.000         -108.858     
69.679        212.443       -102.425      149.181       -73.939       108.858       0.000        
