0.000         -25.314       -66.062       59.601        -127.470      68.858        -176.238     
25.314        0.000         -55.896       58.883        -116.401      76.331        -168.662     
66.062        55.896        0.000         114.769       -61.602       131.223       -112.782     
-59.601       -58.883       -114.769      0.000         -174.723      25.365        -227.499     
127.470       116.401       61.602        174.723       0.000         192.473       -55.061      
-68.858       -76.331       -131.223      -25.365       -192.473      0.000         -243.606     
176.238       168.662       112.782       227.499       55.061        243.606       0.000        
