0.000         -180.664      -234.129      -71.476       -393.639      48.281        -299.032     
180.664       0.000         -56.839       124.994       -229.653      184.274       -129.858     
234.129       56.839        0.000         181.650       -174.032      240.737       -74.253      
71.476        -124.994      -181.650      0.000         -351.548      59.514        -252.800     
393.639       229.653       174.032       351.548       0.000         408.968       99.875       
-48.281       -184.274      -240.737      -59.514       -408.968      0.000         -310.961     
299.032       129.858       74.253        252.800       -99.875       310.961       0.000        
