0.000         40.107        31.053        71.156        -96.523       105.562       -66.774      
-40.107       0.000         -19.101       39.101        -107.851      79.066        -80.626      
-31.053       19.101        0.000         58.181        -89.459       97.932        -61.702      
-71.156       -39.101       -58.181       0.000         -146.433      40.489        -119.678     
96.523        107.851       89.459        146.433       0.000         186.794       29.761       
-105.562      -79.066       -97.932       -40.489       -186.794      0.000         -159.630     
66.774        80.626        61.702        119.678       -29.761       159.630       0.000        
