0.000         62.329        134.244       -53.655       87.163        -154.555      -75.571      
-62.329       0.000         102.755       -101.311      50.450        -190.344      -112.021     
-134.244      -102.755      0.000         -187.175      -52.763       -285.770      -205.440     
53.655        101.311       187.175       0.000         137.968       -101.280      -26.408      
-87.163       -50.450       52.763        -137.968      0.000         -234.482      -154.336     
154.555       190.344       285.770       101.280       234.482       0.000         80.332       
75.571        112.021       205.440       26.408        154.336       -80.332       0.000        
