0.000         17.631        -45.904       146.084       -148.795      201.551       -88.551       59.960       
-17.631       0.000         -62.816       129.163       -165.637      184.324       -104.627      42.736       
45.904        62.816        0.000         191.904       -102.904      247.131       -43.394       105.550      
-146.084      -129.163      -191.904      0.000         -294.787      56.489        -233.587      -86.501      
148.795       165.637       102.904       294.787       0.000         349.805       62.498        208.359      
-201.551      -184.324      -247.131      -56.489       -349.805      0.000         -288.068      -141.615     
88.551        104.627       43.394        233.587       -62.498       288.068       0.000         147.100      
-59.960       -42.736       -105.550      86.501        -208.359      141.615       -147.100      0.000        
