0.000         39.260        -35.705       168.646       -126.567      113.155       59.785       
-39.260       0.000         -45.468       139.317       -155.967      86.092        34.238       
35.705        45.468        0.000         184.755       -112.060      131.392       78.251       
-168.646      -139.317      -184.755      0.000         -294.094      -55.640       -109.104     
126.567       155.967       112.060       294.094       0.000         239.082       185.100      
-113.155      -86.092       -131.392      55.640        -239.082      0.000         -54.026      
-59.785       -34.238       -78.251       109.104       -185.100      54.026        0.000        
