0.000         96.489        165.537       -126.356      210.395       -83.467       153.227       -85.407      
-96.489       0.000         89.721        -177.483      139.803       -108.843      60.801        -50.906      
-165.537      -89.721       0.000         -266.097      50.096        -198.192      -45.713       -140.350     
126.356       177.483       266.097       0.000         315.666       69.323        236.370       130.225      
-210.395      -139.803      -50.096       -315.666      0.000         -248.098      -90.995       -190.440     
83.467        108.843       198.192       -69.323       248.098       0.000         167.110       60.919       
-153.227      -60.801       45.713        -236.370      90.995        -167.110      0.000         -106.515     
85.407        50.906        140.350       -130.225      190.440       -60.919       106.515       0.000        
