0.000         92.622        -129.852      -140.038      166.470       152.939       156.551      
-92.622       0.000         -84.297       -73.371       90.706        -62.974       68.258       
129.852       84.297        0.000         29.712        161.822       80.183        127.260      
140.038       73.371        -29.712       0.000         138.675       51.801        102.288      
-166.470      -90.706       -161.822      -138.675      0.000         -92.195       -38.107      
-152.939      62.974        -80.183       -51.801       92.195        0.000         54.186       
-156.551      -68.258       -127.260      -102.288      38.107        -54.186       0.000        
