0.000         -176.455      -46.564       -152.575      -220.085      34.595        -123.542     
176.455       0.000         135.000       34.379        -57.319       191.967       53.995       
46.564        -135.000      0.000         -108.203      -174.936      75.156        -81.045      
152.575       -34.379       108.203       0.000         -67.869       172.662       30.944       
220.085       57.319        174.936       67.869        0.000         240.470       98.419       
-34.595       -191.967      -75.156       -172.662      -240.470      0.000         -142.100     
123.542       -53.995       81.045        -30.944       -98.419       142.100       0.000        
