0.000         72.316        -188.259      -144.764      -95.681       -61.798       -163.311      -78.724      
-72.316       0.000         -260.550      -216.850      -164.030      -117.704      -92.121       -57.961      
188.259       260.550       0.000         -48.383       -111.748      -165.414      -351.122      -251.549     
144.764       216.850       48.383        0.000         -63.366       -117.182      306.052       -204.108     
95.681        164.030       111.748       63.366        0.000         -54.548       249.204       -143.125     
61.798        117.704       165.414       117.182       54.548        0.000         197.494       89.073       
163.311       92.121        351.122       -306.052      -249.204      -197.494      0.000         -111.428     
78.724        57.961        251.549       204.108       143.125       -89.073       111.428       0.000        
