0.000         144.956       -72.023       -97.578       130.933       -157.667      155.510       107.401      
-144.956      0.000         -181.036      -228.479      -81.285       -296.941      42.720        -115.383     
72.023        181.036       0.000         -52.370       131.574       -123.541      174.212       90.466       
97.578        228.479       52.370        0.000         183.841       -71.236       225.257       142.752      
-130.933      81.285        -131.574      -183.841      0.000         -255.073      50.830        -44.045      
157.667       296.941       123.541       71.236        255.073       0.000         296.020       213.697      
-155.510      -42.720       -174.212      -225.257      -50.830       -296.020      0.000         -93.246      
-107.401      115.383       -90.466       -142.752      44.045        -213.697      93.246        0.000        
