0.000         -71.720       41.615        -88.158       28.156        -131.494      113.641       -210.605     
71.720        0.000         90.796        -36.281       97.832        -66.061       185.298       -141.561     
-41.615       -90.796       0.000         -90.566       32.349        -135.546      109.473       -215.000     
88.158        36.281        90.566        0.000         108.629       -45.186       196.490       -125.042     
-28.156       -97.832       -32.349       -108.629      0.000         -153.433      88.352        -233.257     
131.494       66.061        135.546       45.186        153.433       0.000         241.523       -79.900      
-113.641      -185.298      -109.473      -196.490      -88.352       -241.523      0.000         -321.413     
210.605       141.561       215.000       125.042       233.257       79.900        321.413       0.000        
