0.000         65.943        -60.032       -119.814      -24.210       -28.286       213.951       122.559      
-65.943       0.000         -125.952      -185.721      -88.962       -44.075       149.719       57.532       
60.032        125.952       0.000         -59.782       38.974        85.944        272.764       182.475      
119.814       185.721       59.782        0.000         98.069        145.320       331.713       242.212      
24.210        88.962        -38.974       -98.069       0.000         47.255        237.820       144.454      
28.286        44.075        -85.944       -145.320      -47.255       0.000         193.731       97.459       
-213.951      -149.719      -272.764      -331.713      -237.820      -193.731      0.000         -103.721     
-122.559      -57.532       -182.475      -242.212      -144.454      -97.459       103.721       0.000        
