0.000         -63.696       -116.387      -126.576      -72.478       -174.284      67.484       
63.696        0.000         -57.444       -63.425       57.861        -111.207      104.120      
116.387       57.444        0.000         -23.434       69.972        -78.822       134.291      
126.576       63.425        23.434        0.000         90.462        -56.465       153.180      
72.478        -57.861       -69.972       -90.462       0.000         -146.821      65.053       
174.284       111.207       78.822        56.465        146.821       0.000         208.600      
-67.484       -104.120      -134.291      -153.180      -65.053       -208.600      0.000        
