0.000         138.221       -47.296       127.184       43.642        -31.210      
-138.221      0.000         -153.811      -66.951       -117.542      -162.576     
47.296        153.811       0.000         161.217       88.539        -69.226      
-127.184      66.951        -161.217      0.000         -89.351       -140.279     
-43.642       117.542       -88.539       89.351        0.000         -50.937      
31.210        162.576       69.226        140.279       50.937        0.000        
