0.000         16.089        -41.511       -135.258      69.409        -93.280      
-16.089       0.000         -40.302       -139.397      61.233        -99.600      
41.511        40.302        0.000         -100.140      100.446       -63.392      
135.258       139.397       100.140       0.000         200.387       44.171       
-69.409       -61.233       -100.446      -200.387      0.000         -160.774     
93.280        99.600        63.392        -44.171       160.774       0.000        
