0.000         127.811       -67.926       161.649       -95.807       55.666       
-127.811      0.000         -195.439      38.689        -221.369      -107.702     
67.926        195.439       0.000         228.125       -31.100       105.446      
-161.649      -38.689       -228.125      0.000         -252.237      -132.092     
95.807        221.369       31.100        252.237       0.000         124.062      
-55.666       107.702       -105.446      132.092       -124.062      0.000        
