0.000         69.605        -62.122       18.287        -104.382      -98.895      
-69.605       0.000         -123.369      -55.329       -171.602      -162.931     
62.122        123.369       0.000         69.203        -52.024       -39.774      
-18.287       55.329        -69.203       0.000         -116.288      -108.244     
104.382       171.602       52.024        116.288       0.000         19.592       
98.895        162.931       39.774        108.244       -19.592       0.000        
