0.000         125.735       100.746       59.960        64.386        102.736      
-125.735      0.000         28.988        181.602       78.928        -227.122     
-100.746      -28.988       0.000         -154.416      49.951        -200.389     
-59.960       -181.602      154.416       0.000         108.861       -46.467      
-64.386       -78.928       -49.951       -108.861      0.000         -155.327     
-102.736      227.122       200.389       46.467        155.327       0.000        
