0.000         -62.669       -39.925       -115.212      -152.637      -34.247       -75.879      
62.669        0.000         25.321        -52.993       -90.723       31.803        -16.446      
39.925        -25.321       0.000         -78.039       -115.808      20.260        -41.136      
115.212       52.993        78.039        0.000         -37.769       82.218        39.744       
152.637       90.723        115.808       37.769        0.000         119.180       76.797       
34.247        -31.803       -20.260       -82.218       -119.180      0.000         -42.493      
75.879        16.446        41.136        -39.744       -76.797       42.493        0.000        
