0.000         85.356        82.212        58.973        41.433        41.928       
-85.356       0.000         16.761        42.892        77.623        -121.530     
-82.212       -16.761       0.000         -30.490       -66.745       -114.526     
-58.973       -42.892       30.490        0.000         -36.322       -85.841      
-41.433       -77.623       66.745        36.322        0.000         -52.472      
-41.928       121.530       114.526       85.841        52.472        0.000        
