0.000         99.223        46.055        73.890        -74.895       -41.200      
-99.223       0.000         -55.659       -30.031       -145.281      -108.324     
-46.055       55.659        0.000         37.448        -93.453       -54.658      
-73.890       30.031        -37.448       0.000         -130.855      -91.862      
74.895        145.281       93.453        130.855       0.000         39.315       
41.200        108.324       54.658        91.862        -39.315       0.000        
