0.000         79.666        -137.390      90.271        -131.571      -87.430      
-79.666       0.000         -159.319      -43.909       -141.496      -79.991      
137.390       159.319       0.000         122.964       25.074        80.459       
-90.271       43.909        -122.964      0.000         -102.383      -42.891      
131.571       141.496       -25.074       102.383       0.000         61.506       
87.430        79.991        -80.459       42.891        -61.506       0.000        
