0.000         -41.435       89.706        -76.987       45.200        -43.094      
41.435        0.000         90.883        -42.171       52.326        -30.956      
-89.706       -90.883       0.000         -129.328      -44.744       -117.954     
76.987        42.171        129.328       0.000         94.120        39.228       
-45.200       -52.326       44.744        -94.120       0.000         -75.322      
43.094        30.956        117.954       -39.228       75.322        0.000        
