0.000         -96.003       88.070        -109.356      132.896       -23.352       38.386       
96.003        0.000         177.635       -27.447       224.232       73.963        128.200      
-88.070       -177.635      0.000         -195.286      46.698        -105.321      -50.401      
109.356       27.447        195.286       0.000         241.329       89.964        144.981      
-132.896      -224.232      -46.698       -241.329      0.000         -151.453      -96.403      
23.352        -73.963       105.321       -89.964       151.453       0.000         55.054       
-38.386       -128.200      50.401        -144.981      96.403        -55.054       0.000        
