0.000         -34.652       103.476       -75.238       68.623        -105.838     
34.652        0.000         127.024       -50.191       90.322        -75.809      
-103.476      -127.024      0.000         -175.996      -36.739       -202.637     
75.238        50.191        175.996       0.000         139.544       -33.497      
-68.623       -90.322       36.739        -139.544      0.000         -165.898     
105.838       75.809        202.637       33.497        165.898       0.000        
