0.000         -85.760       -181.030      -36.215       -233.133      -314.251      -82.209      
85.760        0.000         -100.303      55.699        -158.240      -242.071      -18.193      
181.030       100.303       0.000         155.458       -61.366       -144.890      98.938       
36.215        -55.699       -155.458      0.000         -211.635      -294.745      -58.449      
233.133       158.240       61.366        211.635       0.000         -84.059       153.373      
314.251       242.071       144.890       294.745       84.059        0.000         236.307      
82.209        18.193        -98.938       58.449        -153.373      -236.307      0.000        
