0.000         164.037       36.187        106.751       87.517        -177.214      -50.754       -108.410     
-164.037      0.000         -132.793      -57.286       -78.931       -333.845      -214.387      -269.066     
-36.187       132.793       0.000         76.288        54.163        -213.360      -82.985       -144.300     
-106.751      57.286        -76.288       0.000         -24.814       -278.159      -157.149      -212.363     
-87.517       78.931        -54.163       24.814        0.000         -262.815      -136.768      -195.303     
177.214       333.845       213.360       278.159       262.815       0.000         136.970       70.064       
50.754        214.387       82.985        157.149       136.768       -136.970      0.000         -67.090      
108.410       269.066       144.300       212.363       195.303       -70.064       67.090        0.000        
