0.000         57.435        36.095        156.458       -37.407       210.504       -26.338      
-57.435       0.000         -31.267       100.231       -75.499       157.719       -79.267      
-36.095       31.267        0.000         130.142       -44.461       188.786       -51.493      
-156.458      -100.231      -130.142      0.000         -174.436      63.470        -179.465     
37.407        75.499        44.461        174.436       0.000         233.193       22.214       
-210.504      -157.719      -188.786      -63.470       -233.193      0.000         -235.300     
26.338        79.267        51.493        179.465       -22.214       235.300       0.000        
