0.000         -92.951       -45.340       -39.642       -56.602       -72.927       122.817       96.441       
92.951        0.000         -99.509       63.504        140.754       161.409       215.666       188.676      
45.340        99.509        0.000         37.320        47.832        70.392        132.282       103.247      
39.642        -63.504       -37.320       0.000         77.632        98.947        156.443       128.314      
56.602        -140.754      -47.832       -77.632       0.000         22.560        84.951        55.926       
72.927        -161.409      -70.392       -98.947       -22.560       0.000         62.851        34.052       
-122.817      -215.666      -132.282      -156.443      -84.951       -62.851       0.000         -29.052      
-96.441       -188.676      -103.247      -128.314      -55.926       -34.052       29.052        0.000        
