0.000         -93.012       45.207        -195.597      -143.351      -34.878      
93.012        0.000         127.432       -111.683      -51.316       76.882       
-45.207       -127.432      0.000         -235.861      -178.736      -51.468      
195.597       111.683       235.861       0.000         66.106        187.327      
143.351       51.316        178.736       -66.106       0.000         127.960      
34.878        -76.882       51.468        -187.327      -127.960      0.000        
