0.000         71.907        56.397        123.562       -57.516       -99.275       -29.169      
-71.907       0.000         -26.721       54.800        -116.851      -165.275      -86.521      
-56.397       26.721        0.000         80.489        -92.774       -142.105      -63.835      
-123.562      -54.800       -80.489       0.000         -171.591      -219.672      -141.040     
57.516        116.851       92.774        171.591       0.000         -49.792       31.197       
99.275        165.275       142.105       219.672       49.792        0.000         78.765       
29.169        86.521        63.835        141.040       -31.197       -78.765       0.000        
