0.000         -59.707       83.500        106.343       -174.006      61.256       
59.707        0.000         103.268       136.820       -132.606      81.615       
-83.500       -103.268      0.000         35.899        -235.868      -23.422      
-106.343      -136.820      -35.899       0.000         -268.924      -55.216      
174.006       132.606       235.868       268.924       0.000         213.904      
-61.256       -81.615       23.422        55.216        -213.904      0.000        
