0.000         15.771        -79.107       43.517        -144.045      75.835        -24.955      
-15.771       0.000         -77.358       42.994        -142.366      80.254        -26.860      
79.107        77.358        0.000         120.079       -65.154       154.929       54.159       
-43.517       -42.994       -120.079      0.000         -185.198      39.608        -67.160      
144.045       142.366       65.154        185.198       0.000         219.865       119.104      
-75.835       -80.254       -154.929      -39.608       -219.865      0.000         -100.789     
24.955        26.860        -54.159       67.160        -119.104      100.789       0.000        
