0.000         98.988        -188.555      213.166       -261.669      137.886      
-98.988       0.000         -269.955      123.670       -349.011      46.143       
188.555       269.955       0.000         393.214       -82.171       315.374      
-213.166      -123.670      -393.214      0.000         -471.340      -77.847      
261.669       349.011       82.171        471.340       0.000         393.730      
-137.886      -46.143       -315.374      77.847        -393.730      0.000        
