0.000         36.834        55.876        -51.517       53.813        -241.208      -87.643      
-36.834       0.000         -32.264       -53.408       40.155        -264.547      -109.669     
-55.876       32.264        0.000         -35.966       71.694        -250.096      -99.078      
51.517        53.408        35.966        0.000         91.442        -214.826      -63.160      
-53.813       -40.155       -71.694       -91.442       0.000         -294.800      -140.436     
241.208       264.547       250.096       214.826       294.800       0.000         155.046      
87.643        109.669       99.078        63.160        140.436       -155.046      0.000        
