0.000         49.865        82.771        -114.447      137.037       -81.914       -56.376      
-49.865       0.000         40.754        -124.019      96.487        -108.932      -58.084      
-82.771       -40.754       0.000         -163.091      55.982        -149.645      -98.113      
114.447       124.019       163.091       0.000         215.826       -46.905       66.333       
-137.037      -96.487       -55.982       -215.826      0.000         -205.393      -152.595     
81.914        108.932       149.645       46.905        205.393       0.000         56.096       
56.376        58.084        98.113        -66.333       152.595       -56.096       0.000        
