0.000         49.439        -59.575       54.516        -95.221       86.037        -186.008      -107.602     
-49.439       0.000         -38.449       49.620        -84.995       94.793        -182.866      -106.244     
59.575        38.449        0.000         85.337        -46.571       129.255       -144.435      -68.147      
-54.516       -49.620       -85.337       0.000         -131.073      45.252        -228.099      -149.604     
95.221        84.995        46.571        131.073       0.000         173.860       -97.871       -24.811      
-86.037       -94.793       -129.255      -45.252       -173.860      0.000         -269.431      -190.527     
186.008       182.866       144.435       228.099       97.871        269.431       0.000         78.907       
107.602       106.244       68.147        149.604       24.811        190.527       -78.907       0.000        
