0.000         71.706        145.734       -138.987      117.923       -152.608      53.684        -58.454      
-71.706       0.000         85.739        -204.234      46.519        -214.914      -48.058       -108.710     
-145.734      -85.739       0.000         -284.378      -55.543       -296.883      -133.729      -192.816     
138.987       204.234       284.378       0.000         249.984       -19.909       163.637       98.837       
-117.923      -46.519       55.543        -249.984      0.000         -259.921      -88.848       -152.983     
152.608       214.914       296.883       19.909        259.921       0.000         172.103       107.097      
-53.684       48.058        133.729       -163.637      88.848        -172.103      0.000         -65.074      
58.454        108.710       192.816       -98.837       152.983       -107.097      65.074        0.000        
