0.000         181.998       116.083       -55.522       54.762        -294.854      37.534        -129.227     
-181.998      0.000         -69.813       -237.507      -137.465      -459.735      -199.369      -311.070     
-116.083      69.813        0.000         -170.980      -67.938       -404.466      -129.996      -245.037     
55.522        237.507       170.980       0.000         106.119       -250.186      52.989        -74.080      
-54.762       137.465       67.938        -106.119      0.000         -349.600      -62.065       -179.886     
294.854       459.735       404.466       250.186       349.600       0.000         303.175       190.764      
-37.534       199.369       129.996       -52.989       62.065        -303.175      0.000         -122.410     
129.227       311.070       245.037       74.080        179.886       -190.764      122.410       0.000        
