0.000         -93.047       81.199        -103.139      66.704        -123.034      -94.927      
93.047        0.000         25.268        -33.101       65.816        -94.522       -71.494      
-81.199       -25.268       0.000         -56.805       41.064        -114.281      -88.137      
103.139       33.101        56.805        0.000         94.628        -63.430       -45.562      
-66.704       -65.816       -41.064       -94.628       0.000         -144.523      -115.743     
123.034       94.522        114.281       63.430        144.523       0.000         29.548       
94.927        71.494        88.137        45.562        115.743       -29.548       0.000        
