0.000         39.763        -52.531       127.333       -107.698      77.457        -47.568       -12.913      
-39.763       0.000         -67.353       100.643       -135.034      55.522        -76.384       -37.191      
52.531        67.353        0.000         167.867       -70.147       120.795       -25.573       41.012       
-127.333      -100.643      -167.867      0.000         -233.522      -50.034       -173.300      -132.307     
107.698       135.034       70.147        233.522       0.000         184.365       60.383        101.239      
-77.457       -55.522       -120.795      50.034        -184.365      0.000         -123.996      -83.219      
47.568        76.384        25.573        173.300       -60.383       123.996       0.000         41.018       
12.913        37.191        -41.012       132.307       -101.239      83.219        -41.018       0.000        
