0.000         -126.509      -194.721      -79.256       -301.899      -252.697     
126.509       0.000         -92.160       61.372        -221.799      -165.852     
194.721       92.160        0.000         149.992       -131.015      -74.869      
79.256        -61.372       -149.992      0.000         -275.412      -220.605     
301.899       221.799       131.015       275.412       0.000         56.161       
252.697       165.852       74.869        220.605       -56.161       0.000        
