0.000         34.007        69.788        -55.261       98.516        -89.871       -22.837       -40.578      
-34.007       0.000         38.849        -89.087       65.619        -122.788      -43.291       -72.484      
-69.788       -38.849       0.000         -122.030      29.990        -152.417      -69.314       -102.491     
55.261        89.087        122.030       0.000         151.742       -36.534       54.140        21.950       
-98.516       -65.619       -29.990       -151.742      0.000         -182.407      -99.301       -132.436     
89.871        122.788       152.417       36.534        182.407       0.000         83.116        50.474       
22.837        43.291        69.314        -54.140       99.301        -83.116       0.000         -33.391      
40.578        72.484        102.491       -21.950       132.436       -50.474       33.391        0.000        
