0.000         143.342       97.037        195.865       59.918        75.372        -94.329      
-143.342      0.000         -50.000       55.193        -94.158       -69.727       -237.670     
-97.037       50.000        0.000         105.157       -44.177       -21.683       -190.710     
-195.865      -55.193       -105.157      0.000         -149.263      -124.273      -289.903     
-59.918       94.158        44.177        149.263       0.000         26.721        -150.028     
-75.372       69.727        21.683        124.273       -26.721       0.000         -169.196     
94.329        237.670       190.710       289.903       150.028       169.196       0.000        
