0.000         -211.201      -295.479      -161.027      -415.718      -117.443     
211.201       0.000         -85.660       69.811        -212.072      127.543      
295.479       85.660        0.000         151.885       -128.356      210.985      
161.027       -69.811       -151.885      0.000         -280.011      59.183       
415.718       212.072       128.356       280.011       0.000         338.950      
117.443       -127.543      -210.985      -59.183       -338.950      0.000        
