0.000         26.360        132.223       -20.329       81.454        -77.923      
-26.360       0.000         117.364       -32.570       71.113        -96.058      
-132.223      -117.364      0.000         -148.020      -52.425       -210.103     
20.329        32.570        148.020       0.000         98.884        -63.516      
-81.454       -71.113       52.425        -98.884       0.000         -159.235     
77.923        96.058        210.103       63.516        159.235       0.000        
