0.000         -71.664       120.996       -142.920      184.258       -108.967      53.591        -39.302      
71.664        0.000         188.060       -77.323       250.585       -40.253       115.406       44.962       
-120.996      -188.060      0.000         -263.124      63.264        -227.689      -73.130       -144.620     
142.920       77.323        263.124       0.000         326.165       37.434        191.495       122.235      
-184.258      -250.585      -63.264       -326.165      0.000         -290.449      -135.195      -206.542     
108.967       40.253        227.689       -37.434       290.449       0.000         155.376       85.203       
-53.591       -115.406      73.130        -191.495      135.195       -155.376      0.000         -71.517      
39.302        -44.962       144.620       -122.235      206.542       -85.203       71.517        0.000        
