0.000         -57.440       138.904       -71.232       48.293        -123.144     
57.440        0.000         150.837       -39.982       53.372        -100.405     
-138.904      -150.837      0.000         -188.757      -100.437      -249.431     
71.232        39.982        188.757       0.000         88.810        -60.875      
-48.293       -53.372       100.437       -88.810       0.000         -149.163     
123.144       100.405       249.431       60.875        149.163       0.000        
