0.000         80.764        22.002        118.716       -65.072       136.673      
-80.764       0.000         -59.132       41.193        -144.335      63.164       
-22.002       59.132        0.000         98.080        -85.452       117.114      
-118.716      -41.193       -98.080       0.000         -183.459      23.325       
65.072        144.335       85.452        183.459       0.000         201.743      
-136.673      -63.164       -117.114      -23.325       -201.743      0.000        
