0.000         58.553        -52.654       109.833       157.424       -232.381     
-58.553       0.000         -53.135       76.002        134.660       -262.776     
52.654        53.135        0.000         128.028       184.945       -209.727     
-109.833      -76.002       -128.028      0.000         59.926        -335.825     
-157.424      -134.660      -184.945      -59.926       0.000         -388.924     
232.381       262.776       209.727       335.825       388.924       0.000        
