0.000         36.361        -65.288       52.831        -94.669       169.760       -156.914      95.116       
-36.361       0.000         -51.458       42.083        -87.147       172.243       -154.083      95.500       
65.288        51.458        0.000         93.536        -36.005       223.518       -103.157      146.701      
-52.831       -42.083       -93.536       0.000         -129.111      130.318       -195.850      53.818       
94.669        87.147        36.005        129.111       0.000         258.583       -67.153       181.781      
-169.760      -172.243      -223.518      -130.318      -258.583      0.000         -324.471      -76.827      
156.914       154.083       103.157       195.850       67.153        324.471       0.000         247.863      
-95.116       -95.500       -146.701      -53.818       -181.781      76.827        -247.863      0.000        
