0.000         -168.273      62.745        -364.179      63.091        -326.092      90.978       
168.273       0.000         215.324       -237.973      165.336       -187.393      103.170      
-62.745       -215.324      0.000         -424.742      -58.538       -384.574      -119.046     
364.179       237.973       424.742       0.000         388.496       55.698        334.029      
-63.091       -165.336      58.538        -388.496      0.000         -344.164      -63.716      
326.092       187.393       384.574       -55.698       344.164       0.000         286.829      
-90.978       -103.170      119.046       -334.029      63.716        -286.829      0.000        
