0.000         -64.205       -76.560       34.748        -126.676      55.262        -26.798       35.034       
64.205        0.000         -26.667       43.237        -83.732       85.570        38.206        87.437       
76.560        26.667        0.000         65.522        -57.624       109.042       50.230        105.846      
-34.748       -43.237       -65.522       0.000         -122.472      43.571        -26.942       45.567       
126.676       83.732        57.624        122.472       0.000         166.023       103.078       159.455      
-55.262       -85.570       -109.042      -43.571       -166.023      0.000         -66.212       -30.187      
26.798        -38.206       -50.230       26.942        -103.078      66.212        0.000         56.462       
-35.034       -87.437       -105.846      -45.567       -159.455      30.187        -56.462       0.000        
