0.000         -39.918       -48.031       -61.017       126.076       -92.858       -62.967      
39.918        0.000         -24.499       -51.536       116.683       -91.627       -64.378      
48.031        24.499        0.000         -27.833       141.007       -68.126       -43.034      
61.017        51.536        27.833        0.000         168.167       -40.299       -18.182      
-126.076      -116.683      -141.007      -168.167      0.000         -207.976      -179.456     
92.858        91.627        68.126        40.299        207.976       0.000         30.024       
62.967        64.378        43.034        18.182        179.456       -30.024       0.000        
