0.000         138.261       151.113       111.997       75.163        56.873        40.139        -93.571      
-138.261      0.000         -29.463       -29.630       -74.020       -100.958      -172.115      -231.811     
-151.113      29.463        0.000         54.609        -96.469       -122.460      -187.966      -243.974     
-111.997      29.630        -54.609       0.000         -44.431       -71.413       -143.963      -205.088     
-75.163       74.020        96.469        44.431        0.000         -27.010       -101.999      -165.263     
-56.873       100.958       122.460       71.413        27.010        0.000         -77.091       -141.539     
-40.139       172.115       187.966       143.963       101.999       77.091        0.000         -65.016      
93.571        231.811       243.974       205.088       165.263       141.539       65.016        0.000        
