0.000         55.657        -55.414       131.798       -104.537      113.667       -150.441      -65.570      
-55.657       0.000         -69.561       82.906        -133.465      73.563        -187.085      -102.386     
55.414        69.561        0.000         151.278       -64.143       142.905       -118.888      -40.022      
-131.798      -82.906       -151.278      0.000         -215.414      -29.591       -269.741      -185.282     
104.537       133.465       64.143        215.414       0.000         206.360       -55.907       39.925       
-113.667      -73.563       -142.905      29.591        -206.360      0.000         -258.754      -172.824     
150.441       187.085       118.888       269.741       55.907        258.754       0.000         86.169       
65.570        102.386       40.022        185.282       -39.925       172.824       -86.169       0.000        
