0.000         43.823        -37.653       66.137        -60.338       -49.046      
-43.823       0.000         -31.315       35.447        -68.584       -68.760      
37.653        31.315        0.000         66.506        -37.346       -38.689      
-66.137       -35.447       -66.506       0.000         -103.852      -102.476     
60.338        68.584        37.346        103.852       0.000         -17.920      
49.046        68.760        38.689        102.476       17.920        0.000        
