0.000         -40.607       -91.042       60.178        -153.083      -194.013     
40.607        0.000         -50.936       90.888        -113.344      -155.333     
91.042        50.936        0.000         139.937       -62.452       -105.097     
-60.178       -90.888       -139.937      0.000         -201.814      -245.025     
153.083       113.344       62.452        201.814       0.000         -44.264      
194.013       155.333       105.097       245.025       44.264        0.000        
