0.000         126.964       60.049        187.593       -52.431       148.735       -90.540       58.660       
-126.964      0.000         -100.910      73.474        -146.614      48.335        -201.208      -74.007      
-60.049       100.910       0.000         172.886       -48.142       139.358       -102.757      33.001       
-187.593      -73.474       -172.886      0.000         -216.379      -39.597       -269.904      -143.125     
52.431        146.614       48.142        216.379       0.000         180.385       -54.879       73.308       
-148.735      -48.335       -139.358      39.597        -180.385      0.000         -232.946      -107.888     
90.540        201.208       102.757       269.904       54.879        232.946       0.000         127.445      
-58.660       74.007        -33.001       143.125       -73.308       107.888       -127.445      0.000        
