0.000         -18.630       112.957       -134.186      59.217        -68.844      
18.630        0.000         117.311       -121.022      64.286        -56.878      
-112.957      -117.311      0.000         -233.155      -53.795       -172.858     
134.186       121.022       233.155       0.000         183.253       65.400       
-59.217       -64.286       53.795        -183.253      0.000         -120.780     
68.844        56.878        172.858       -65.400       120.780       0.000        
