0.000         92.879        130.313       -50.008       168.780       -91.160       83.176        43.958       
-92.879       0.000         37.940        -140.745      76.015        -183.218      -21.355       -66.062      
-130.313      -37.940       0.000         -178.618      38.615        -221.000      -54.998       -103.224     
50.008        140.745       178.618       0.000         216.692       -42.805       127.966       80.818       
-168.780      -76.015       -38.615       -216.692      0.000         -259.223      -90.564       -139.606     
91.160        183.218       221.000       42.805        259.223       0.000         170.767       123.425      
-83.176       21.355        54.998        -127.966      90.564        -170.767      0.000         -49.070      
-43.958       66.062        103.224       -80.818       139.606       -123.425      49.070        0.000        
