0.000         299.598       -79.025       239.168       -137.398      71.653       
-299.598      0.000         -323.952      -60.434       -395.864      -241.022     
79.025        323.952       0.000         265.499       -73.598       86.511       
-239.168      60.434        -265.499      0.000         -338.112      -181.417     
137.398       395.864       73.598        338.112       0.000         160.107      
-71.653       241.022       -86.511       181.417       -160.107      0.000        
