0.000         48.637        28.200        130.731       -67.254       88.567        -109.176      -37.632      
-48.637       0.000         -29.912       88.854        -105.726      50.154        -148.481      -73.576      
-28.200       29.912        0.000         118.655       -75.887       78.869        -118.591      -43.844      
-130.731      -88.854       -118.655      0.000         -193.973      -42.351       -236.837      -161.749     
67.254        105.726       75.887        193.973       0.000         152.936       -42.867       32.228       
-88.567       -50.154       -78.869       42.351        -152.936      0.000         -195.766      -120.823     
109.176       148.481       118.591       236.837       42.867        195.766       0.000         75.088       
37.632        73.576        43.844        161.749       -32.228       120.823       -75.088       0.000        
