0.000         -33.668       -132.772      -60.177       -102.672      -80.414       -138.655     
33.668        0.000         -107.523      -55.840       -102.197      -73.630       -139.555     
132.772       107.523       0.000         -157.211      -200.405      -169.594      -236.165     
60.177        55.840        157.211       0.000         -46.376       -20.238       -83.736      
102.672       102.197       200.405       46.376        0.000         30.816        -37.361      
80.414        73.630        169.594       20.238        -30.816       0.000         -67.227      
138.655       139.555       236.165       83.736        37.361        67.227        0.000        
