0.000         -104.982      -63.826       82.812        77.676        -70.115      
104.982       0.000         -42.813       33.333        62.858        -63.355      
63.826        42.813        0.000         35.282        55.422        -32.582      
-82.812       -33.333       -35.282       0.000         29.947        -67.123      
-77.676       -62.858       -55.422       -29.947       0.000         -87.550      
70.115        63.355        32.582        67.123        87.550        0.000        
