0.000         -46.113       -60.434       78.318        89.837        -64.726      
46.113        0.000         -17.531       64.556        83.315        -44.952      
60.434        17.531        0.000         77.510        97.150        -35.777      
-78.318       -64.556       -77.510       0.000         20.228        -109.504     
-89.837       -83.315       -97.150       -20.228       0.000         -128.057     
64.726        44.952        35.777        109.504       128.057       0.000        
