0.000         66.983        54.172        80.625        -47.092       122.165      
-66.983       0.000         -68.942       40.629        -108.391      66.173       
-54.172       68.942        0.000         50.737        -61.666       92.312       
-80.625       -40.629       -50.737       0.000         -108.043      43.219       
47.092        108.391       61.666        108.043       0.000         151.193      
-122.165      -66.173       -92.312       -43.219       -151.193      0.000        
