0.000         -31.192       -155.118      64.874        -91.682       103.013       -69.471      
31.192        0.000         -125.436      88.885        -63.776       130.686       -39.471      
155.118       125.436       0.000         192.736       64.553        237.389       85.979       
-64.874       -88.885       -192.736      0.000         -129.482      44.812        -116.567     
91.682        63.776        -64.553       129.482       0.000         174.291       26.144       
-103.013      -130.686      -237.389      -44.812       -174.291      0.000         -160.892     
69.471        39.471        -85.979       116.567       -26.144       160.892       0.000        
