0.000         -40.898       -58.620       55.858        -104.916      70.075        -186.325     
40.898        0.000         -60.477       96.747        -89.675       108.357       -159.358     
58.620        60.477        0.000         91.479        -50.673       118.320       -137.714     
-55.858       -96.747       -91.479       0.000         -142.098      32.883        -229.033     
104.916       89.675        50.673        142.098       0.000         168.715       -87.753      
-70.075       -108.357      -118.320      -32.883       -168.715      0.000         -253.903     
186.325       159.358       137.714       229.033       87.753        253.903       0.000        
