0.000         -26.788       130.214       -58.018       177.940       -59.123       75.871        -51.443      
26.788        0.000         140.892       -35.929       189.512       -34.875       67.405        40.607       
-130.214      -140.892      0.000         -175.673      48.663        -142.337      -95.503       -110.635     
58.018        35.929        175.673       0.000         224.334       44.784        93.635        68.752       
-177.940      -189.512      -48.663       -224.334      0.000         -190.290      -141.795      -158.817     
59.123        34.875        142.337       -44.784       190.290       0.000         51.612        31.915       
-75.871       -67.405       95.503        -93.635       141.795       -51.612       0.000         -26.802      
51.443        -40.607       110.635       -68.752       158.817       -31.915       26.802        0.000        
