0.000         -213.851      95.288        -297.595      54.400        -72.636       -257.996     
213.851       0.000         309.084       -88.708       252.499       183.659       -62.835      
-95.288       -309.084      0.000         -392.679      -75.204       -150.061      -352.504     
297.595       88.708        392.679       0.000         330.888       256.509       44.668       
-54.400       -252.499      75.204        -330.888      0.000         -77.945       -288.638     
72.636        -183.659      150.061       -256.509      77.945        0.000         -213.234     
257.996       62.835        352.504       -44.668       288.638       213.234       0.000        
