0.000         -276.027      -260.316      -298.560      -142.886      -324.796      -200.456      -342.568     
276.027       0.000         50.809        -34.992       149.348       -50.993       97.307        -66.714      
260.316       -50.809       0.000         -45.315       121.500       -74.842       62.642        -100.917     
298.560       34.992        45.315        0.000         163.914       -29.533       106.352       -56.111      
142.886       -149.348      -121.500      -163.914      0.000         -192.451      -59.180       -214.661     
324.796       50.993        74.842        29.533        192.451       0.000         135.517       -28.124      
200.456       -97.307       -62.642       -106.352      59.180        -135.517      0.000         -159.467     
342.568       66.714        100.917       56.111        214.661       28.124        159.467       0.000        
