0.000         86.439        86.536        180.542       -43.690       129.594       -143.314      13.810       
-86.439       0.000         49.504        114.074       -128.262      59.589        -218.872      -73.135      
-86.536       -49.504       0.000         94.290        -129.516      47.505        -229.759      -77.884      
-180.542      -114.074      -94.290       0.000         -223.766      -54.761       -323.314      -170.913     
43.690        128.262       129.516       223.766       0.000         173.267       -102.030      55.584       
-129.594      -59.589       -47.505       54.761        -173.267      0.000         -270.821      -118.804     
143.314       218.872       229.759       323.314       102.030       270.821       0.000         152.406      
-13.810       73.135        77.884        170.913       -55.584       118.804       -152.406      0.000        
