0.000         145.547       -93.408       -129.404      -219.264      142.750      
-145.547      0.000         -234.650      -272.756      -364.804      45.542       
93.408        234.650       0.000         -38.989       -138.232      222.237      
129.404       272.756       38.989        0.000         -100.338      261.202      
219.264       364.804       138.232       100.338       0.000         358.022      
-142.750      -45.542       -222.237      -261.202      -358.022      0.000        
