0.000         -94.623       -55.458       79.070        -100.549      103.752      
94.623        0.000         -42.446       89.415        -85.659       110.360      
55.458        42.446        0.000         83.271        -67.209       109.175      
-79.070       -89.415       -83.271       0.000         -150.377      26.572       
100.549       85.659        67.209        150.377       0.000         176.381      
-103.752      -110.360      -109.175      -26.572       -176.381      0.000        
