0.000         -244.040      91.903        53.546        -188.401      -96.445      
244.040       0.000         329.062       247.677       60.667        157.611      
-91.903       -329.062      0.000         -85.739       -276.688      -172.824     
-53.546       -247.677      85.739        0.000         -199.512      -90.067      
188.401       -60.667       276.688       199.512       0.000         111.726      
96.445        -157.611      172.824       90.067        -111.726      0.000        
