0.000         143.254       109.030       65.569        219.902       159.396      
-143.254      0.000         -41.730       -79.950       95.272        42.905       
-109.030      41.730        0.000         -54.263       112.649       51.264       
-65.569       79.950        54.263        0.000         166.030       104.730      
-219.902      -95.272       -112.649      -166.030      0.000         -61.418      
-159.396      -42.905       -51.264       -104.730      61.418        0.000        
