0.000         -99.068       -72.960       -68.273       42.239        -115.782      93.676        -148.276     
99.068        0.000         132.398       92.317        128.493       -79.196       192.504       -85.469      
72.960        -132.398      0.000         -43.443       39.841        -97.796       114.854       -136.061     
68.273        -92.317       43.443        0.000         61.171        -57.956       142.064       -95.814      
-42.239       -128.493      -39.841       -61.171       0.000         -118.715      81.095        -155.885     
115.782       79.196        97.796        57.956        118.715       0.000         198.955       -38.285      
-93.676       -192.504      -114.854      -142.064      -81.095       -198.955      0.000         -235.236     
148.276       85.469        136.061       95.814        155.885       38.285        235.236       0.000        
