0.000         -232.696      69.346        176.238       -87.855       217.862       -162.688     
232.696       0.000         293.116       389.015       148.909       423.452       70.293       
-69.346       -293.116      0.000         107.042       -154.972      149.195       -224.763     
-176.238      -389.015      -107.042      0.000         -259.638      43.504        -323.783     
87.855        -148.909      154.972       259.638       0.000         299.271       -78.913      
-217.862      -423.452      -149.195      -43.504       -299.271      0.000         -360.146     
162.688       -70.293       224.763       323.783       78.913        360.146       0.000        
