0.000         -41.671       40.608        -105.761      -195.970      108.458       -153.112     
41.671        0.000         78.760        -79.614       -161.960      144.883       -120.299     
-40.608       -78.760       0.000         -146.081      -236.558      67.851        -193.718     
105.761       79.614        146.081       0.000         -93.682       213.741       -51.156      
195.970       161.960       236.558       93.682        0.000         304.366       43.051       
-108.458      -144.883      -67.851       -213.741      -304.366      0.000         -261.558     
153.112       120.299       193.718       51.156        -43.051       261.558       0.000        
