0.000         -49.522       -66.362       -101.231      -119.436      -52.637      
49.522        0.000         -47.004       -82.781       -92.940       -18.607      
66.362        47.004        0.000         -37.324       -53.158       28.422       
101.231       82.781        37.324        0.000         -23.085       64.378       
119.436       92.940        53.158        23.085        0.000         75.869       
52.637        18.607        -28.422       -64.378       -75.869       0.000        
