0.000         -64.984       -108.972      89.130        -88.394       -33.749       -60.131      
64.984        0.000         -43.990       150.246       -32.177       74.764        27.710       
108.972       43.990        0.000         192.952       34.859        115.593       60.066       
-89.130       -150.246      -192.952      0.000         -165.283      -78.508       -135.155     
88.394        32.177        -34.859       165.283       0.000         86.788        30.241       
33.749        -74.764       -115.593      78.508        -86.788       0.000         -56.736      
60.131        -27.710       -60.066       135.155       -30.241       56.736        0.000        
