0.000         -179.767      -282.740      -283.927      -75.619       -271.600     
179.767       0.000         -133.238      -174.873      159.092       -147.771     
282.740       133.238       0.000         72.053        284.561       43.759       
283.927       174.873       -72.053       0.000         304.212       30.907       
75.619        -159.092      -284.561      -304.212      0.000         -285.051     
271.600       147.771       -43.759       -30.907       285.051       0.000        
