0.000         -177.916      -263.208      -241.919      -72.046       -235.432     
177.916       0.000         -96.286       -122.050      157.442       -95.454      
263.208       96.286        0.000         78.237        252.757       50.074       
241.919       122.050       -78.237       0.000         253.568       32.117       
72.046        -157.442      -252.757      -253.568      0.000         -238.156     
235.432       95.454        -50.074       -32.117       238.156       0.000        
