0.000         -323.095      161.769       -86.801       -175.034      -53.801       -258.622     
323.095       0.000         461.709       245.682       155.071       310.612       73.139       
-161.769      -461.709      0.000         -217.572      -306.639      -152.324      -390.639     
86.801        -245.682      217.572       0.000         -91.948       65.323        -177.009     
175.034       -155.071      306.639       91.948        0.000         155.995       -85.081      
53.801        -310.612      152.324       -65.323       -155.995      0.000         -240.912     
258.622       -73.139       390.639       177.009       85.081        240.912       0.000        
