0.000         202.788       134.081       85.414        48.167        120.401       -58.614       229.615      
-202.788      0.000         -90.414       -120.444      -158.474      -82.901       -261.337      32.361       
-134.081      90.414        0.000         -76.917       -102.547      54.391        -190.806      122.679      
-85.414       120.444       76.917        0.000         -38.429       38.012        -142.863      145.205      
-48.167       158.474       102.547       38.429        0.000         75.606        -104.602      183.634      
-120.401      82.901        -54.391       -38.012       -75.606       0.000         -178.766      109.293      
58.614        261.337       190.806       142.863       104.602       178.766       0.000         287.789      
-229.615      -32.361       -122.679      -145.205      -183.634      -109.293      -287.789      0.000        
