0.000         -143.312      -162.544      -95.091       -271.203      -194.635     
143.312       0.000         -98.609       -89.617       -256.185      -173.533     
162.544       98.609        0.000         67.476        -157.682      -76.637      
95.091        89.617        -67.476       0.000         -195.644      -112.005     
271.203       256.185       157.682       195.644       0.000         84.659       
194.635       173.533       76.637        112.005       -84.659       0.000        
