0.000         192.542       -39.459       155.337       89.997        150.280       -50.635       48.958       
-192.542      0.000         -230.688      -135.658      -140.461      -75.556       -230.477      -187.552     
39.459        230.688       0.000         178.073       115.380       183.177       25.693        61.202       
-155.337      135.658       -178.073      0.000         -65.418       61.391        -162.905      -117.053     
-89.997       140.461       -115.380      65.418        0.000         74.328        -104.020      -56.541      
-150.280      75.556        -183.177      -61.391       -74.328       0.000         -176.012      -129.119     
50.635        230.477       -25.693       162.905       104.020       176.012       0.000         47.479       
-48.958       187.552       -61.202       117.053       56.541        129.119       -47.479       0.000        
