-190.378      0.000         -227.341      -133.221      -138.031      -76.100       -225.281      -183.243     
37.259        227.341       0.000         167.741       112.669       177.725       26.267        59.471       
-142.320      133.221       -167.741      0.000         -58.119       57.919        -150.931      -108.294     
-84.579       138.031       -112.669      58.119        0.000         70.745        -99.700       -54.746      
-144.200      76.100        -177.725      -57.919       -70.745       0.000         -168.619      -123.696     
45.134        225.281       -26.267       150.931       99.700        168.619       0.000         45.072       
-41.318       183.243       -59.471       108.294       54.746        123.696       -45.072       0.000        
